90947           38664      15051        15055      Yes


"event_course_id": 89735    page=107*50=5,350 actual=5,336
"event_course_id": 57470    page=127*50=6,350 actual=6,321
"event_course_id": 156675   page=68*50=3,400  actual=3,398


90947           38664      15051        15055      Yes
90947           43258      0            13306      Yes
90947           52742      15553        16509      Yes
90947           71712      15511        16458      Yes
90947           109677     16771        18875      Yes
90947           123412     19243        21119      Yes
90947           149867     15693        16393      Yes
90947           168087     22397        24508      Yes
90947           174541     0            0          No
90947           185373     0            0          No
90947           230053     0            10047      Yes
90947           234965     27902        30102      Yes
90947           235567     24684        27084      Yes
90947           360231     29497        31747      Yes
90947           412528     30812        33012      Yes
90947           594035     32153        34103      Yes
90947           597611     32178        34278      Yes
90947           733347     33112        35112      Yes
90947           889843     33808        36258      Yes
90947           943597     4137         4137       No
90947           991936     19684        22034      Yes
90947           1034035    31190        33840      Yes
90947           1066434    35471        37571      Yes
90947           1109370    0            0          No


90947           38664      13251        15055      Yes
90947           43258      0            13306      Yes
90947           52742      13971        16509      Yes
90947           71712      14101        16458      Yes
90947           109677     14632        18875      Yes
90947           123412     9308         21119      Yes
90947           149867     14721        16393      Yes
90947           168087     9938         24508      Yes
90947           174541     0            0          No
90947           185373     0            0          No
90947           230053     0            10047      Yes
90947           234965     4513         30102      Yes
90947           235567     10745        27084      Yes
90947           360231     5069         31747      Yes
90947           412528     6554         33012      Yes
90947           594035     7713         34103      Yes
90947           597611     8453         34278      Yes
90947           733347     8375         35112      Yes
90947           889843     8164         36258      Yes
90947           943597     4087         4137       Yes
90947           991936     10524        22034      Yes
90947           1034035    7171         33840      Yes
90947           1066434    9771         37571      Yes
90947           1109370    0            0          No



90947           38664      14901        15055      Yes
90947           43258      0            13306      Yes
90947           52742      15453        16509      Yes
90947           71712      16351        16458      Yes
90947           109677     17821        18875      Yes
90947           123412     20116        21119      Yes
90947           149867     15742        16393      Yes
90947           168087     23497        24508      Yes
90947           174541     0            0          No
90947           185373     0            0          No
90947           230053     0            10047      Yes
90947           234965     29552        30102      Yes
90947           235567     26284        27084      Yes
90947           360231     31747        31747      No
90947           412528     33012        33012      No
90947           594035     34103        34103      No
90947           597611     32278        34278      Yes
90947           733347     35112        35112      No
90947           889843     36258        36258      No
90947           943597     4137         4137       No
90947           991936     22034        22034      No
90947           1034035    33840        33840      No
90947           1066434    37521        37571      Yes
90947           1109370    0            0          No


90947           38664      15051        15055      Yes
90947           43258      0            13306      Yes
90947           52742      16503        16509      Yes
90947           71712      16451        16458      Yes
90947           109677     18871        18875      Yes
90947           123412     20916        21119      Yes
90947           149867     16393        16393      No
90947           168087     23335        24508      Yes
90947           174541     0            0          No
90947           185373     0            0          No
90947           230053     0            10047      Yes
90947           234965     27602        30102      Yes
90947           235567     24740        27084      Yes
90947           360231     29497        31747      Yes
90947           412528     30862        33012      Yes
90947           594035     31603        34103      Yes
90947           597611     32678        34278      Yes
90947           733347     33562        35112      Yes
90947           889843     33814        36258      Yes
90947           943597     4137         4137       No
90947           991936     22034        22034      No
90947           1034035    33840        33840      No
90947           1066434    37471        37571      Yes
90947           1109370    0            0          No

with  'CONCURRENT_REQUESTS': 15,
90947           38664      15051        15055      Yes
90947           43258      0            13306      Yes
90947           52742      16003        16509      Yes
90947           71712      16451        16458      Yes
90947           109677     17971        18875      Yes
90947           123412     20416        21119      Yes
90947           149867     15993        16393      Yes
90947           168087     23897        24508      Yes
90947           174541     0            0          No
90947           185373     0            0          No
90947           230053     0            10047      Yes
90947           234965     29552        30102      Yes
90947           235567     26334        27084      Yes
90947           360231     31747        31747      No
90947           412528     33012        33012      No
90947           594035     34103        34103      No
90947           597611     34278        34278      No
90947           733347     34712        35112      Yes
90947           889843     35508        36258      Yes
90947           943597     4137         4137       No
90947           991936     22034        22034      No
90947           1034035    33790        33840      Yes
90947           1066434    37471        37571      Yes
90947           1109370    0            0          No

90947           38664      15051        15055      Yes
90947           43258      0            13306      Yes
90947           52742      16503        16509      Yes
90947           71712      16451        16458      Yes
90947           109677     18371        18875      Yes
90947           123412     19666        21119      Yes
90947           149867     16393        16393      No
90947           168087     23297        24508      Yes
90947           174541     0            0          No
90947           185373     0            0          No
90947           230053     0            10047      Yes
90947           234965     29202        30102      Yes
90947           235567     26134        27084      Yes
90947           360231     29197        31747      Yes
90947           412528     31212        33012      Yes
90947           594035     32353        34103      Yes
90947           597611     34228        34278      Yes
90947           733347     34162        35112      Yes
90947           889843     35958        36258      Yes
90947           943597     4137         4137       No
90947           991936     22034        22034      No
90947           1034035    30563        33840      Yes
90947           1066434    33821        37571      Yes
90947           1109370    0            0          No


90947           38664      15051        15055      Yes
90947           43258      0            13306      Yes
90947           52742      16403        16509      Yes
90947           71712      16451        16458      Yes
90947           109677     18871        18875      Yes
90947           123412     21116        21119      Yes
90947           149867     16393        16393      No
90947           168087     24497        24508      Yes
90947           174541     0            0          No
90947           185373     0            0          No
90947           230053     0            10047      Yes
90947           234965     30102        30102      No
90947           235567     27084        27084      No
90947           360231     31747        31747      No
90947           412528     33012        33012      No
90947           594035     33403        34103      Yes
90947           597611     34278        34278      No
90947           733347     34512        35112      Yes
90947           889843     35758        36258      Yes
90947           943597     4137         4137       No
90947           991936     22034        22034      No
90947           1034035    33840        33840      No
90947           1066434    37071        37571      Yes
90947           1109370    0            0          No


90947           38664      15051        15055      Yes
90947           43258      0            13306      Yes
90947           52742      16503        16509      Yes
90947           71712      16451        16458      Yes
90947           109677     18871        18875      Yes
90947           123412     21116        21119      Yes
90947           149867     16393        16393      No
90947           168087     24497        24508      Yes
90947           174541     0            0          No
90947           185373     0            0          No
90947           230053     0            10047      Yes
90947           234965     30102        30102      No
90947           235567     27084        27084      No
90947           360231     31747        31747      No
90947           412528     33012        33012      No
90947           594035     33903        34103      Yes
90947           597611     34278        34278      No
90947           733347     35112        35112      No
90947           889843     36258        36258      No
90947           943597     4137         4137       No
90947           991936     22034        22034      No
90947           1034035    33790        33840      Yes
90947           1066434    37471        37571      Yes
90947           1109370    0            0          No


90947           38664      15051        15055      Yes
90947           43258      0            13306      Yes
90947           52742      16503        16509      Yes
90947           71712      16451        16458      Yes
90947           109677     18871        18875      Yes
90947           123412     21116        21119      Yes
90947           149867     16393        16393      No
90947           168087     24497        24508      Yes
90947           174541     0            0          No
90947           185373     0            0          No
90947           230053     0            10047      Yes
90947           234965     30102        30102      No
90947           235567     27084        27084      No
90947           360231     31747        31747      No
90947           412528     33012        33012      No
90947           594035     34053        34103      Yes
90947           597611     34228        34278      Yes
90947           733347     35062        35112      Yes
90947           889843     36258        36258      No
90947           943597     4137         4137       No
90947           991936     22034        22034      No
90947           1034035    33840        33840      No
90947           1066434    37571        37571      No
90947           1109370    0            0          No


90947           38664      15051        15055      Yes
90947           43258      0            13306      Yes
90947           52742      16503        16509      Yes
90947           71712      16451        16458      Yes
90947           109677     18871        18875      Yes
90947           123412     21116        21119      Yes
90947           149867     16393        16393      No
90947           168087     24497        24508      Yes
90947           174541     0            0          No
90947           185373     0            0          No
90947           230053     0            10047      Yes
90947           234965     30102        30102      No
90947           235567     27084        27084      No
90947           360231     31747        31747      No
90947           412528     33012        33012      No
90947           594035     34103        34103      No
90947           597611     34278        34278      No
90947           733347     35112        35112      No
90947           889843     36258        36258      No
90947           943597     4137         4137       No
90947           991936     22034        22034      No
90947           1034035    33790        33840      Yes
90947           1066434    37471        37571      Yes
90947           1109370    0            0          No

run=100
90947           38664      14130        15055      Yes
90947           43258      0            13306      Yes
90947           52742      14103        16509      Yes
90947           71712      15251        16458      Yes
90947           109677     15232        18875      Yes
90947           123412     16035        21119      Yes
90947           149867     15021        16393      Yes
90947           168087     16135        24508      Yes
90947           174541     0            0          No
90947           185373     0            0          No
90947           230053     0            10047      Yes
90947           234965     22552        30102      Yes
90947           235567     18884        27084      Yes
90947           360231     23484        31747      Yes
90947           412528     25412        33012      Yes
90947           594035     25203        34103      Yes
90947           597611     25978        34278      Yes
90947           733347     26612        35112      Yes
90947           889843     28208        36258      Yes
90947           943597     4137         4137       No
90947           991936     17434        22034      Yes
90947           1034035    24990        33840      Yes
90947           1066434    28221        37571      Yes
90947           1109370    0            0          No

90947           38664      15051        15055      Yes
90947           43258      0            13306      Yes
90947           52742      16503        16509      Yes
90947           71712      16451        16458      Yes
90947           109677     18871        18875      Yes
90947           123412     21066        21119      Yes
90947           149867     16393        16393      No
90947           168087     24497        24508      Yes
90947           174541     0            0          No
90947           185373     0            0          No
90947           230053     0            10047      Yes
90947           234965     30102        30102      No
90947           235567     27084        27084      No
90947           360231     31747        31747      No
90947           412528     33012        33012      No
90947           594035     34103        34103      No
90947           597611     34278        34278      No
90947           733347     35112        35112      No
90947           889843     36258        36258      No
90947           943597     4137         4137       No
90947           991936     22034        22034      No
90947           1034035    33790        33840      Yes
90947           1066434    37571        37571      No
90947           1109370    0            0          No
